0 0.000003
10 0.000003
20 0.000003
30 0.000004
40 0.000004
50 0.000004
60 0.000004
70 0.000004
80 0.000004
90 0.000004
100 0.000004
110 0.000004
120 0.000005
130 0.000005
140 0.000005
150 0.000006
160 0.000005
170 0.000006
180 0.000006
190 0.000006
200 0.000006
210 0.000007
220 0.000007
230 0.000007
240 0.000007
250 0.000008
260 0.000008
270 0.000008
280 0.000008
290 0.000009
300 0.000009
310 0.000009
320 0.000009
330 0.000010
340 0.000010
350 0.000010
360 0.000010
370 0.000010
380 0.000011
390 0.000011
400 0.000011
410 0.000011
420 0.000012
430 0.000012
440 0.000013
450 0.000013
460 0.000013
470 0.000014
480 0.000014
490 0.000015
500 0.000015
510 0.000016
520 0.000016
530 0.000016
540 0.000017
550 0.000017
560 0.000017
570 0.000018
580 0.000018
590 0.000018
600 0.000018
610 0.000019
620 0.000019
630 0.000019
640 0.000019
650 0.000019
660 0.000019
670 0.000019
680 0.000018
690 0.000018
700 0.000018
710 0.000018
720 0.000017
730 0.000017
740 0.000017
750 0.000017
760 0.000017
770 0.000016
780 0.000016
790 0.000016
800 0.000016
810 0.000016
820 0.000015
830 0.000015
840 0.000015
850 0.000015
860 0.000015
870 0.000014
880 0.000014
890 0.000014
900 0.000014
910 0.000013
920 0.000013
930 0.000013
940 0.000013
950 0.000013
960 0.000012
970 0.000012
980 0.000012
990 0.000012
1000 0.000012
1010 0.000011
1020 0.000011
1030 0.000011
1040 0.000011
1050 0.000011
1060 0.000011
1070 0.000011
1080 0.000011
1090 0.000011
1100 0.000011
1110 0.000011
1120 0.000011
1130 0.000011
1140 0.000011
1150 0.000012
1160 0.000012
1170 0.000012
1180 0.000012
1190 0.000012
1200 0.000012
1210 0.000012
1220 0.000012
1230 0.000012
1240 0.000013
1250 0.000013
1260 0.000013
1270 0.000013
1280 0.000013
1290 0.000013
1300 0.000013
1310 0.000013
1320 0.000013
1330 0.000013
1340 0.000013
1350 0.000014
1360 0.000014
1370 0.000014
1380 0.000014
1390 0.000014
1400 0.000014
1410 0.000014
1420 0.000014
1430 0.000014
1440 0.000014
1450 0.000014
1460 0.000014
1470 0.000014
1480 0.000014
1490 0.000015
1500 0.000015
1510 0.000015
1520 0.000015
1530 0.000015
1540 0.000015
1550 0.000015
1560 0.000015
1570 0.000015
1580 0.000016
1590 0.000016
1600 0.000016
1610 0.000016
1620 0.000016
1630 0.000016
1640 0.000016
1650 0.000016
1660 0.000016
1670 0.000016
1680 0.000016
1690 0.000016
1700 0.000016
1710 0.000016
1720 0.000017
1730 0.000017
1740 0.000017
1750 0.000017
1760 0.000017
1770 0.000017
1780 0.000017
1790 0.000017
1800 0.000017
1810 0.000017
1820 0.000017
1830 0.000018
1840 0.000018
1850 0.000018
1860 0.000018
1870 0.000018
1880 0.000018
1890 0.000019
1900 0.000019
1910 0.000019
1920 0.000019
1930 0.000019
1940 0.000019
1950 0.000020
1960 0.000020
1970 0.000020
1980 0.000020
1990 0.000020
2000 0.000020
2010 0.000020
2020 0.000020
2030 0.000021
2040 0.000021
2050 0.000021
2060 0.000021
2070 0.000021
2080 0.000021
2090 0.000021
2100 0.000021
2110 0.000021
2120 0.000021
2130 0.000022
2140 0.000022
2150 0.000022
2160 0.000022
2170 0.000022
2180 0.000022
2190 0.000022
2200 0.000022
2210 0.000022
2220 0.000022
2230 0.000022
2240 0.000023
2250 0.000023
2260 0.000023
2270 0.000023
2280 0.000023
2290 0.000023
2300 0.000023
2310 0.000023
2320 0.000023
2330 0.000024
2340 0.000024
2350 0.000024
2360 0.000024
2370 0.000024
2380 0.000024
2390 0.000024
2400 0.000024
2410 0.000024
2420 0.000024
2430 0.000025
2440 0.000025
2450 0.000025
2460 0.000025
2470 0.000025
2480 0.000025
2490 0.000026
2500 0.000026
2510 0.000026
2520 0.000026
2530 0.000026
2540 0.000026
2550 0.000026
2560 0.000026
2570 0.000026
2580 0.000027
2590 0.000027
2600 0.000027
2610 0.000027
2620 0.000027
2630 0.000027
2640 0.000027
2650 0.000027
2660 0.000027
2670 0.000027
2680 0.000027
2690 0.000027
2700 0.000027
2710 0.000028
2720 0.000028
2730 0.000028
2740 0.000028
2750 0.000028
2760 0.000028
2770 0.000028
2780 0.000028
2790 0.000029
2800 0.000029
2810 0.000029
2820 0.000029
2830 0.000029
2840 0.000029
2850 0.000029
2860 0.000030
2870 0.000030
2880 0.000030
2890 0.000030
2900 0.000030
2910 0.000030
2920 0.000030
2930 0.000030
2940 0.000031
2950 0.000031
2960 0.000031
2970 0.000031
2980 0.000031
2990 0.000031
3000 0.000031
3010 0.000031
3020 0.000031
3030 0.000031
3040 0.000031
3050 0.000031
3060 0.000031
3070 0.000031
3080 0.000031
3090 0.000031
3100 0.000031
3110 0.000031
3120 0.000031
3130 0.000031
3140 0.000031
3150 0.000031
3160 0.000031
3170 0.000032
3180 0.000032
3190 0.000032
3200 0.000032
3210 0.000032
3220 0.000032
3230 0.000032
3240 0.000032
3250 0.000032
3260 0.000033
3270 0.000033
3280 0.000033
3290 0.000033
3300 0.000033
3310 0.000033
3320 0.000034
3330 0.000034
3340 0.000034
3350 0.000034
3360 0.000034
3370 0.000034
3380 0.000034
3390 0.000034
3400 0.000035
3410 0.000035
3420 0.000035
3430 0.000035
3440 0.000035
3450 0.000035
3460 0.000035
3470 0.000036
3480 0.000036
3490 0.000036
3500 0.000036
3510 0.000036
3520 0.000036
3530 0.000036
3540 0.000036
3550 0.000036
3560 0.000036
3570 0.000036
3580 0.000036
3590 0.000036
3600 0.000036
3610 0.000037
3620 0.000037
3630 0.000037
3640 0.000037
3650 0.000037
3660 0.000037
3670 0.000037
3680 0.000037
3690 0.000037
3700 0.000037
3710 0.000037
3720 0.000037
3730 0.000037
3740 0.000037
3750 0.000037
3760 0.000037
3770 0.000037
3780 0.000038
3790 0.000038
3800 0.000038
3810 0.000038
3820 0.000038
3830 0.000039
3840 0.000039
3850 0.000039
3860 0.000039
3870 0.000040
3880 0.000040
3890 0.000040
3900 0.000040
3910 0.000040
3920 0.000041
3930 0.000041
3940 0.000041
3950 0.000041
3960 0.000041
3970 0.000042
3980 0.000042
3990 0.000042
4000 0.000042
4010 0.000042
4020 0.000042
4030 0.000042
4040 0.000042
4050 0.000042
4060 0.000042
4070 0.000042
4080 0.000042
4090 0.000042
4100 0.000042
4110 0.000042
4120 0.000042
4130 0.000042
4140 0.000042
4150 0.000042
4160 0.000042
4170 0.000042
4180 0.000042
4190 0.000042
4200 0.000042
4210 0.000042
4220 0.000043
4230 0.000043
4240 0.000043
4250 0.000043
4260 0.000043
4270 0.000043
4280 0.000043
4290 0.000043
4300 0.000043
4310 0.000043
4320 0.000043
4330 0.000043
4340 0.000043
4350 0.000043
4360 0.000043
4370 0.000044
4380 0.000044
4390 0.000044
4400 0.000044
4410 0.000044
4420 0.000045
4430 0.000045
4440 0.000045
4450 0.000045
4460 0.000046
4470 0.000046
4480 0.000046
4490 0.000046
4500 0.000047
4510 0.000047
4520 0.000047
4530 0.000048
4540 0.000048
4550 0.000048
4560 0.000049
4570 0.000049
4580 0.000049
4590 0.000049
4600 0.000049
4610 0.000049
4620 0.000050
4630 0.000050
4640 0.000050
4650 0.000050
4660 0.000050
4670 0.000050
4680 0.000050
4690 0.000050
4700 0.000050
4710 0.000050
4720 0.000051
4730 0.000051
4740 0.000051
4750 0.000051
4760 0.000051
4770 0.000051
4780 0.000051
4790 0.000051
4800 0.000051
4810 0.000051
4820 0.000052
4830 0.000052
4840 0.000052
4850 0.000052
4860 0.000052
4870 0.000052
4880 0.000052
4890 0.000052
4900 0.000052
4910 0.000052
4920 0.000053
4930 0.000053
4940 0.000053
4950 0.000053
4960 0.000053
4970 0.000053
4980 0.000053
4990 0.000053
5000 0.000053
5010 0.000054
5020 0.000054
5030 0.000054
5040 0.000054
5050 0.000054
5060 0.000054
5070 0.000054
5080 0.000054
5090 0.000054
5100 0.000054
5110 0.000054
5120 0.000055
5130 0.000055
5140 0.000055
5150 0.000055
5160 0.000055
5170 0.000055
5180 0.000055
5190 0.000055
5200 0.000056
5210 0.000056
5220 0.000056
5230 0.000056
5240 0.000056
5250 0.000056
5260 0.000056
5270 0.000056
5280 0.000056
5290 0.000056
5300 0.000056
5310 0.000056
5320 0.000056
5330 0.000057
5340 0.000057
5350 0.000057
5360 0.000057
5370 0.000057
5380 0.000057
5390 0.000057
5400 0.000056
5410 0.000056
5420 0.000056
5430 0.000056
5440 0.000057
5450 0.000057
5460 0.000057
5470 0.000057
5480 0.000057
5490 0.000057
5500 0.000057
5510 0.000057
5520 0.000058
5530 0.000058
5540 0.000057
5550 0.000057
5560 0.000057
5570 0.000057
5580 0.000057
5590 0.000057
5600 0.000058
5610 0.000058
5620 0.000058
5630 0.000058
5640 0.000058
5650 0.000058
5660 0.000058
5670 0.000058
5680 0.000058
5690 0.000058
5700 0.000058
5710 0.000058
5720 0.000058
5730 0.000058
5740 0.000058
5750 0.000059
5760 0.000059
5770 0.000059
5780 0.000059
5790 0.000059
5800 0.000059
5810 0.000059
5820 0.000060
5830 0.000060
5840 0.000060
5850 0.000060
5860 0.000060
5870 0.000060
5880 0.000060
5890 0.000060
5900 0.000061
5910 0.000061
5920 0.000061
5930 0.000061
5940 0.000061
5950 0.000061
5960 0.000061
5970 0.000062
5980 0.000062
5990 0.000062
6000 0.000063
6010 0.000063
6020 0.000063
6030 0.000063
6040 0.000063
6050 0.000063
6060 0.000063
6070 0.000063
6080 0.000063
6090 0.000063
6100 0.000063
6110 0.000063
6120 0.000063
6130 0.000063
6140 0.000063
6150 0.000063
6160 0.000063
6170 0.000063
6180 0.000063
6190 0.000062
6200 0.000062
6210 0.000062
6220 0.000062
6230 0.000062
6240 0.000062
6250 0.000062
6260 0.000062
6270 0.000062
6280 0.000063
6290 0.000063
6300 0.000063
6310 0.000063
6320 0.000063
6330 0.000063
6340 0.000063
6350 0.000063
6360 0.000063
6370 0.000063
6380 0.000063
6390 0.000064
6400 0.000064
6410 0.000064
6420 0.000065
6430 0.000065
6440 0.000065
6450 0.000065
6460 0.000065
6470 0.000065
6480 0.000066
6490 0.000066
6500 0.000066
6510 0.000066
6520 0.000066
6530 0.000066
6540 0.000066
6550 0.000067
6560 0.000067
6570 0.000068
6580 0.000068
6590 0.000068
6600 0.000068
6610 0.000068
6620 0.000068
6630 0.000068
6640 0.000068
6650 0.000069
6660 0.000069
6670 0.000069
6680 0.000069
6690 0.000069
6700 0.000070
6710 0.000070
6720 0.000070
6730 0.000070
6740 0.000071
6750 0.000071
6760 0.000071
6770 0.000071
6780 0.000071
6790 0.000071
6800 0.000071
6810 0.000071
6820 0.000071
6830 0.000071
6840 0.000072
6850 0.000072
6860 0.000071
6870 0.000071
6880 0.000071
6890 0.000072
6900 0.000072
6910 0.000072
6920 0.000072
6930 0.000072
6940 0.000072
6950 0.000073
6960 0.000073
6970 0.000073
6980 0.000073
6990 0.000074
7000 0.000074
7010 0.000074
7020 0.000074
7030 0.000074
7040 0.000075
7050 0.000075
7060 0.000075
7070 0.000075
7080 0.000076
7090 0.000076
7100 0.000076
7110 0.000076
7120 0.000076
7130 0.000076
7140 0.000076
7150 0.000076
7160 0.000076
7170 0.000076
7180 0.000076
7190 0.000076
7200 0.000075
7210 0.000076
7220 0.000075
7230 0.000075
7240 0.000075
7250 0.000075
7260 0.000075
7270 0.000074
7280 0.000074
7290 0.000074
7300 0.000075
7310 0.000075
7320 0.000074
7330 0.000074
7340 0.000074
7350 0.000074
7360 0.000074
7370 0.000074
7380 0.000075
7390 0.000075
7400 0.000075
7410 0.000075
7420 0.000075
7430 0.000075
7440 0.000075
7450 0.000076
7460 0.000076
7470 0.000076
7480 0.000076
7490 0.000076
7500 0.000076
7510 0.000076
7520 0.000076
7530 0.000076
7540 0.000076
7550 0.000076
7560 0.000076
7570 0.000076
7580 0.000076
7590 0.000076
7600 0.000077
7610 0.000077
7620 0.000077
7630 0.000077
7640 0.000077
7650 0.000077
7660 0.000077
7670 0.000077
7680 0.000078
7690 0.000078
7700 0.000078
7710 0.000078
7720 0.000078
7730 0.000078
7740 0.000078
7750 0.000079
7760 0.000079
7770 0.000079
7780 0.000079
7790 0.000079
7800 0.000079
7810 0.000079
7820 0.000079
7830 0.000079
7840 0.000079
7850 0.000079
7860 0.000079
7870 0.000079
7880 0.000079
7890 0.000079
7900 0.000079
7910 0.000079
7920 0.000080
7930 0.000080
7940 0.000080
7950 0.000081
7960 0.000081
7970 0.000081
7980 0.000082
7990 0.000082
8000 0.000082
8010 0.000083
8020 0.000083
8030 0.000083
8040 0.000084
8050 0.000084
8060 0.000084
8070 0.000085
8080 0.000085
8090 0.000085
8100 0.000086
8110 0.000086
8120 0.000086
8130 0.000087
8140 0.000087
8150 0.000087
8160 0.000087
8170 0.000087
8180 0.000087
8190 0.000087
8200 0.000086
8210 0.000086
8220 0.000086
8230 0.000086
8240 0.000086
8250 0.000087
8260 0.000087
8270 0.000087
8280 0.000087
8290 0.000087
8300 0.000087
8310 0.000088
8320 0.000088
8330 0.000088
8340 0.000088
8350 0.000088
8360 0.000088
8370 0.000088
8380 0.000088
8390 0.000089
8400 0.000089
8410 0.000089
8420 0.000090
8430 0.000090
8440 0.000090
8450 0.000090
8460 0.000090
8470 0.000090
8480 0.000090
8490 0.000091
8500 0.000091
8510 0.000091
8520 0.000091
8530 0.000091
8540 0.000091
8550 0.000091
8560 0.000091
8570 0.000091
8580 0.000091
8590 0.000090
8600 0.000090
8610 0.000091
8620 0.000091
8630 0.000091
8640 0.000091
8650 0.000091
8660 0.000091
8670 0.000091
8680 0.000091
8690 0.000091
8700 0.000091
8710 0.000091
8720 0.000091
8730 0.000091
8740 0.000090
8750 0.000090
8760 0.000091
8770 0.000090
8780 0.000091
8790 0.000091
8800 0.000090
8810 0.000090
8820 0.000090
8830 0.000089
8840 0.000089
8850 0.000089
8860 0.000089
8870 0.000089
8880 0.000089
8890 0.000089
8900 0.000088
8910 0.000088
8920 0.000087
8930 0.000088
8940 0.000087
8950 0.000088
8960 0.000088
8970 0.000088
8980 0.000088
8990 0.000088
9000 0.000088
9010 0.000089
9020 0.000090
9030 0.000089
9040 0.000090
9050 0.000090
9060 0.000091
9070 0.000091
9080 0.000092
9090 0.000092
9100 0.000092
9110 0.000092
9120 0.000093
9130 0.000094
9140 0.000094
9150 0.000095
9160 0.000095
9170 0.000095
9180 0.000095
9190 0.000095
9200 0.000095
9210 0.000096
9220 0.000095
9230 0.000095
9240 0.000095
9250 0.000095
9260 0.000095
9270 0.000095
9280 0.000095
9290 0.000095
9300 0.000095
9310 0.000095
9320 0.000095
9330 0.000095
9340 0.000096
9350 0.000095
9360 0.000095
9370 0.000095
9380 0.000095
9390 0.000095
9400 0.000095
9410 0.000095
9420 0.000095
9430 0.000094
9440 0.000094
9450 0.000094
9460 0.000094
9470 0.000094
9480 0.000094
9490 0.000094
9500 0.000094
9510 0.000094
9520 0.000094
9530 0.000094
9540 0.000094
9550 0.000094
9560 0.000094
9570 0.000094
9580 0.000094
9590 0.000094
9600 0.000094
9610 0.000095
9620 0.000096
9630 0.000096
9640 0.000096
9650 0.000097
9660 0.000097
9670 0.000097
9680 0.000097
9690 0.000097
9700 0.000097
9710 0.000097
9720 0.000098
9730 0.000098
9740 0.000098
9750 0.000098
9760 0.000098
9770 0.000098
9780 0.000099
9790 0.000099
9800 0.000100
9810 0.000100
9820 0.000100
9830 0.000100
9840 0.000101
9850 0.000101
9860 0.000101
9870 0.000101
9880 0.000102
9890 0.000101
9900 0.000102
9910 0.000102
9920 0.000102
9930 0.000102
9940 0.000103
9950 0.000103
9960 0.000103
9970 0.000104
9980 0.000104
9990 0.000104
10000 0.000105
10100 0.000105
10200 0.000106
10300 0.000106
10400 0.000107
10500 0.000108
10600 0.000108
10700 0.000109
10800 0.000109
10900 0.000110
11000 0.000111
11100 0.000112
11200 0.000113
11300 0.000114
11400 0.000115
11500 0.000116
11600 0.000117
11700 0.000118
11800 0.000118
11900 0.000119
12000 0.000120
12100 0.000121
12200 0.000122
12300 0.000122
12400 0.000123
12500 0.000124
12600 0.000124
12700 0.000125
12800 0.000126
12900 0.000128
13000 0.000130
13100 0.000131
13200 0.000132
13300 0.000132
13400 0.000134
13500 0.000134
13600 0.000135
13700 0.000136
13800 0.000137
13900 0.000139
14000 0.000140
14100 0.000141
14200 0.000142
14300 0.000143
14400 0.000144
14500 0.000145
14600 0.000146
14700 0.000148
14800 0.000149
14900 0.000149
15000 0.000150
15100 0.000150
15200 0.000151
15300 0.000152
15400 0.000153
15500 0.000154
15600 0.000155
15700 0.000157
15800 0.000158
15900 0.000159
16000 0.000160
16100 0.000161
16200 0.000163
16300 0.000164
16400 0.000166
16500 0.000167
16600 0.000170
16700 0.000172
16800 0.000173
16900 0.000175
17000 0.000177
17100 0.000178
17200 0.000180
17300 0.000181
17400 0.000183
17500 0.000185
17600 0.000186
17700 0.000188
17800 0.000189
17900 0.000191
18000 0.000192
18100 0.000192
18200 0.000193
18300 0.000194
18400 0.000194
18500 0.000195
18600 0.000196
18700 0.000196
18800 0.000197
18900 0.000197
19000 0.000198
19100 0.000200
19200 0.000202
19300 0.000204
19400 0.000206
19500 0.000208
19600 0.000211
19700 0.000215
19800 0.000218
19900 0.000222
20000 0.000227
21000 0.000233
22000 0.000240
23000 0.000246
24000 0.000253
25000 0.000260
26000 0.000267
27000 0.000275
28000 0.000283
29000 0.000292
30000 0.000301
31000 0.000311
32000 0.000321
33000 0.000330
34000 0.000339
35000 0.000349
36000 0.000359
37000 0.000369
38000 0.000380
39000 0.000391
40000 0.000402
41000 0.000413
42000 0.000423
43000 0.000432
44000 0.000442
45000 0.000452
46000 0.000462
47000 0.000473
48000 0.000481
49000 0.000491
50000 0.000502
51000 0.000512
52000 0.000521
53000 0.000531
54000 0.000541
55000 0.000551
56000 0.000560
57000 0.000568
58000 0.000578
59000 0.000585
60000 0.000593
61000 0.000599
62000 0.000609
63000 0.000619
64000 0.000629
65000 0.000639
66000 0.000650
67000 0.000660
68000 0.000669
69000 0.000682
70000 0.000691
71000 0.000700
72000 0.000708
73000 0.000717
74000 0.000727
75000 0.000738
76000 0.000747
77000 0.000758
78000 0.000770
79000 0.000780
80000 0.000791
81000 0.000803
82000 0.000816
83000 0.000825
84000 0.000833
85000 0.000840
86000 0.000850
87000 0.000858
88000 0.000865
89000 0.000876
90000 0.000882
91000 0.000892
92000 0.000907
93000 0.000929
94000 0.000952
95000 0.000977
96000 0.001007
97000 0.001042
98000 0.001080
99000 0.001123
100000 0.001170
110000 0.001220
120000 0.001275
130000 0.001334
140000 0.001396
150000 0.001465
160000 0.001538
170000 0.001613
180000 0.001693
190000 0.001779
200000 0.001868
210000 0.001964
220000 0.002064
230000 0.002160
240000 0.002254
250000 0.002354
260000 0.002452
270000 0.002549
280000 0.002652
290000 0.002748
300000 0.002843
310000 0.002936
320000 0.003032
330000 0.003134
340000 0.003230
350000 0.003329
360000 0.003428
370000 0.003523
380000 0.003614
390000 0.003708
400000 0.003806
410000 0.003939
420000 0.004124
430000 0.004354
440000 0.004618
450000 0.004946
460000 0.005024
470000 0.005108
480000 0.005195
490000 0.005281
500000 0.005381
600000 0.005489
700000 0.005607
800000 0.005733
900000 0.005861
1000000 0.006015
