0 0.000020
10 0.000021
20 0.000021
30 0.000022
40 0.000022
50 0.000022
60 0.000023
70 0.000023
80 0.000024
90 0.000024
100 0.000025
110 0.000025
120 0.000026
130 0.000026
140 0.000027
150 0.000027
160 0.000028
170 0.000028
180 0.000029
190 0.000029
200 0.000029
210 0.000030
220 0.000030
230 0.000031
240 0.000031
250 0.000032
260 0.000032
270 0.000033
280 0.000033
290 0.000034
300 0.000034
310 0.000035
320 0.000035
330 0.000036
340 0.000036
350 0.000036
360 0.000037
370 0.000037
380 0.000038
390 0.000038
400 0.000039
410 0.000039
420 0.000040
430 0.000040
440 0.000041
450 0.000041
460 0.000041
470 0.000042
480 0.000042
490 0.000043
500 0.000043
510 0.000044
520 0.000045
530 0.000046
540 0.000047
550 0.000048
560 0.000049
570 0.000050
580 0.000051
590 0.000051
600 0.000052
610 0.000053
620 0.000054
630 0.000055
640 0.000056
650 0.000057
660 0.000058
670 0.000059
680 0.000060
690 0.000061
700 0.000062
710 0.000063
720 0.000064
730 0.000065
740 0.000066
750 0.000067
760 0.000068
770 0.000069
780 0.000069
790 0.000070
800 0.000071
810 0.000072
820 0.000073
830 0.000074
840 0.000075
850 0.000076
860 0.000077
870 0.000078
880 0.000079
890 0.000080
900 0.000081
910 0.000082
920 0.000083
930 0.000084
940 0.000085
950 0.000086
960 0.000087
970 0.000088
980 0.000089
990 0.000090
1000 0.000091
1010 0.000092
1020 0.000093
1030 0.000094
1040 0.000095
1050 0.000096
1060 0.000097
1070 0.000098
1080 0.000099
1090 0.000100
1100 0.000101
1110 0.000102
1120 0.000103
1130 0.000104
1140 0.000105
1150 0.000106
1160 0.000107
1170 0.000108
1180 0.000109
1190 0.000110
1200 0.000111
1210 0.000112
1220 0.000113
1230 0.000114
1240 0.000115
1250 0.000116
1260 0.000117
1270 0.000118
1280 0.000119
1290 0.000120
1300 0.000121
1310 0.000122
1320 0.000123
1330 0.000124
1340 0.000125
1350 0.000126
1360 0.000127
1370 0.000128
1380 0.000129
1390 0.000130
1400 0.000131
1410 0.000132
1420 0.000133
1430 0.000134
1440 0.000135
1450 0.000136
1460 0.000137
1470 0.000138
1480 0.000139
1490 0.000140
1500 0.000141
1510 0.000142
1520 0.000143
1530 0.000144
1540 0.000145
1550 0.000146
1560 0.000147
1570 0.000148
1580 0.000149
1590 0.000150
1600 0.000151
1610 0.000152
1620 0.000153
1630 0.000154
1640 0.000155
1650 0.000156
1660 0.000157
1670 0.000158
1680 0.000159
1690 0.000160
1700 0.000162
1710 0.000163
1720 0.000164
1730 0.000165
1740 0.000166
1750 0.000167
1760 0.000168
1770 0.000169
1780 0.000170
1790 0.000171
1800 0.000172
1810 0.000173
1820 0.000174
1830 0.000175
1840 0.000176
1850 0.000177
1860 0.000178
1870 0.000179
1880 0.000180
1890 0.000181
1900 0.000182
1910 0.000183
1920 0.000184
1930 0.000185
1940 0.000186
1950 0.000187
1960 0.000188
1970 0.000189
1980 0.000190
1990 0.000191
2000 0.000192
2010 0.000193
2020 0.000194
2030 0.000196
2040 0.000197
2050 0.000198
2060 0.000199
2070 0.000200
2080 0.000201
2090 0.000202
2100 0.000203
2110 0.000204
2120 0.000205
2130 0.000206
2140 0.000207
2150 0.000208
2160 0.000209
2170 0.000210
2180 0.000211
2190 0.000212
2200 0.000213
2210 0.000214
2220 0.000216
2230 0.000217
2240 0.000218
2250 0.000219
2260 0.000220
2270 0.000221
2280 0.000222
2290 0.000223
2300 0.000224
2310 0.000225
2320 0.000226
2330 0.000228
2340 0.000229
2350 0.000230
2360 0.000231
2370 0.000232
2380 0.000233
2390 0.000234
2400 0.000235
2410 0.000236
2420 0.000237
2430 0.000238
2440 0.000239
2450 0.000240
2460 0.000242
2470 0.000243
2480 0.000244
2490 0.000245
2500 0.000246
2510 0.000247
2520 0.000248
2530 0.000249
2540 0.000250
2550 0.000251
2560 0.000252
2570 0.000253
2580 0.000254
2590 0.000255
2600 0.000257
2610 0.000258
2620 0.000259
2630 0.000260
2640 0.000261
2650 0.000262
2660 0.000263
2670 0.000264
2680 0.000265
2690 0.000266
2700 0.000267
2710 0.000268
2720 0.000269
2730 0.000270
2740 0.000271
2750 0.000273
2760 0.000274
2770 0.000275
2780 0.000276
2790 0.000277
2800 0.000278
2810 0.000279
2820 0.000280
2830 0.000281
2840 0.000282
2850 0.000283
2860 0.000284
2870 0.000285
2880 0.000286
2890 0.000288
2900 0.000289
2910 0.000290
2920 0.000291
2930 0.000292
2940 0.000293
2950 0.000294
2960 0.000295
2970 0.000296
2980 0.000297
2990 0.000298
3000 0.000300
3010 0.000301
3020 0.000302
3030 0.000303
3040 0.000304
3050 0.000305
3060 0.000306
3070 0.000307
3080 0.000308
3090 0.000309
3100 0.000310
3110 0.000311
3120 0.000312
3130 0.000314
3140 0.000315
3150 0.000316
3160 0.000317
3170 0.000318
3180 0.000319
3190 0.000320
3200 0.000321
3210 0.000322
3220 0.000323
3230 0.000324
3240 0.000325
3250 0.000326
3260 0.000327
3270 0.000329
3280 0.000330
3290 0.000331
3300 0.000332
3310 0.000333
3320 0.000334
3330 0.000335
3340 0.000336
3350 0.000337
3360 0.000338
3370 0.000339
3380 0.000340
3390 0.000341
3400 0.000342
3410 0.000343
3420 0.000344
3430 0.000346
3440 0.000347
3450 0.000348
3460 0.000349
3470 0.000350
3480 0.000351
3490 0.000352
3500 0.000353
3510 0.000354
3520 0.000355
3530 0.000356
3540 0.000357
3550 0.000358
3560 0.000359
3570 0.000360
3580 0.000361
3590 0.000363
3600 0.000364
3610 0.000365
3620 0.000366
3630 0.000367
3640 0.000368
3650 0.000369
3660 0.000370
3670 0.000371
3680 0.000372
3690 0.000373
3700 0.000374
3710 0.000375
3720 0.000376
3730 0.000377
3740 0.000379
3750 0.000380
3760 0.000381
3770 0.000382
3780 0.000383
3790 0.000384
3800 0.000385
3810 0.000386
3820 0.000387
3830 0.000388
3840 0.000389
3850 0.000391
3860 0.000392
3870 0.000393
3880 0.000394
3890 0.000395
3900 0.000396
3910 0.000398
3920 0.000399
3930 0.000400
3940 0.000401
3950 0.000402
3960 0.000403
3970 0.000404
3980 0.000405
3990 0.000406
4000 0.000407
4010 0.000408
4020 0.000410
4030 0.000411
4040 0.000412
4050 0.000413
4060 0.000414
4070 0.000415
4080 0.000416
4090 0.000417
4100 0.000419
4110 0.000420
4120 0.000421
4130 0.000422
4140 0.000423
4150 0.000424
4160 0.000425
4170 0.000426
4180 0.000427
4190 0.000428
4200 0.000430
4210 0.000431
4220 0.000432
4230 0.000433
4240 0.000434
4250 0.000435
4260 0.000436
4270 0.000437
4280 0.000438
4290 0.000439
4300 0.000441
4310 0.000442
4320 0.000443
4330 0.000444
4340 0.000445
4350 0.000446
4360 0.000447
4370 0.000448
4380 0.000449
4390 0.000450
4400 0.000451
4410 0.000452
4420 0.000454
4430 0.000455
4440 0.000456
4450 0.000457
4460 0.000458
4470 0.000459
4480 0.000460
4490 0.000461
4500 0.000462
4510 0.000463
4520 0.000464
4530 0.000465
4540 0.000467
4550 0.000468
4560 0.000469
4570 0.000470
4580 0.000471
4590 0.000472
4600 0.000473
4610 0.000475
4620 0.000476
4630 0.000477
4640 0.000478
4650 0.000479
4660 0.000480
4670 0.000481
4680 0.000483
4690 0.000484
4700 0.000485
4710 0.000486
4720 0.000487
4730 0.000489
4740 0.000490
4750 0.000491
4760 0.000492
4770 0.000493
4780 0.000495
4790 0.000496
4800 0.000497
4810 0.000498
4820 0.000499
4830 0.000500
4840 0.000501
4850 0.000502
4860 0.000503
4870 0.000504
4880 0.000505
4890 0.000507
4900 0.000508
4910 0.000509
4920 0.000510
4930 0.000511
4940 0.000512
4950 0.000513
4960 0.000515
4970 0.000516
4980 0.000517
4990 0.000518
5000 0.000519
5010 0.000520
5020 0.000521
5030 0.000522
5040 0.000524
5050 0.000525
5060 0.000526
5070 0.000527
5080 0.000528
5090 0.000529
5100 0.000530
5110 0.000531
5120 0.000533
5130 0.000534
5140 0.000535
5150 0.000536
5160 0.000537
5170 0.000538
5180 0.000539
5190 0.000541
5200 0.000542
5210 0.000543
5220 0.000544
5230 0.000545
5240 0.000546
5250 0.000547
5260 0.000549
5270 0.000550
5280 0.000551
5290 0.000552
5300 0.000553
5310 0.000554
5320 0.000555
5330 0.000556
5340 0.000558
5350 0.000559
5360 0.000560
5370 0.000562
5380 0.000563
5390 0.000564
5400 0.000566
5410 0.000567
5420 0.000568
5430 0.000569
5440 0.000570
5450 0.000572
5460 0.000573
5470 0.000574
5480 0.000575
5490 0.000576
5500 0.000577
5510 0.000578
5520 0.000579
5530 0.000581
5540 0.000582
5550 0.000583
5560 0.000584
5570 0.000585
5580 0.000586
5590 0.000587
5600 0.000588
5610 0.000590
5620 0.000591
5630 0.000592
5640 0.000593
5650 0.000594
5660 0.000595
5670 0.000596
5680 0.000597
5690 0.000598
5700 0.000599
5710 0.000600
5720 0.000601
5730 0.000602
5740 0.000603
5750 0.000604
5760 0.000605
5770 0.000606
5780 0.000607
5790 0.000608
5800 0.000610
5810 0.000611
5820 0.000612
5830 0.000613
5840 0.000614
5850 0.000615
5860 0.000617
5870 0.000618
5880 0.000619
5890 0.000620
5900 0.000621
5910 0.000622
5920 0.000623
5930 0.000624
5940 0.000626
5950 0.000627
5960 0.000628
5970 0.000629
5980 0.000630
5990 0.000631
6000 0.000632
6010 0.000633
6020 0.000634
6030 0.000636
6040 0.000637
6050 0.000638
6060 0.000639
6070 0.000640
6080 0.000641
6090 0.000642
6100 0.000643
6110 0.000644
6120 0.000646
6130 0.000647
6140 0.000648
6150 0.000649
6160 0.000650
6170 0.000651
6180 0.000652
6190 0.000653
6200 0.000654
6210 0.000655
6220 0.000657
6230 0.000658
6240 0.000659
6250 0.000660
6260 0.000661
6270 0.000663
6280 0.000664
6290 0.000665
6300 0.000666
6310 0.000667
6320 0.000668
6330 0.000669
6340 0.000670
6350 0.000671
6360 0.000673
6370 0.000673
6380 0.000674
6390 0.000675
6400 0.000676
6410 0.000677
6420 0.000678
6430 0.000679
6440 0.000680
6450 0.000681
6460 0.000682
6470 0.000684
6480 0.000685
6490 0.000686
6500 0.000687
6510 0.000688
6520 0.000689
6530 0.000690
6540 0.000691
6550 0.000692
6560 0.000694
6570 0.000695
6580 0.000696
6590 0.000697
6600 0.000698
6610 0.000699
6620 0.000700
6630 0.000701
6640 0.000702
6650 0.000703
6660 0.000704
6670 0.000706
6680 0.000707
6690 0.000708
6700 0.000709
6710 0.000710
6720 0.000711
6730 0.000712
6740 0.000713
6750 0.000714
6760 0.000716
6770 0.000717
6780 0.000718
6790 0.000719
6800 0.000720
6810 0.000721
6820 0.000723
6830 0.000724
6840 0.000725
6850 0.000726
6860 0.000727
6870 0.000728
6880 0.000729
6890 0.000730
6900 0.000731
6910 0.000732
6920 0.000733
6930 0.000735
6940 0.000736
6950 0.000737
6960 0.000738
6970 0.000739
6980 0.000740
6990 0.000741
7000 0.000742
7010 0.000743
7020 0.000745
7030 0.000746
7040 0.000747
7050 0.000748
7060 0.000749
7070 0.000750
7080 0.000751
7090 0.000752
7100 0.000753
7110 0.000754
7120 0.000756
7130 0.000757
7140 0.000758
7150 0.000759
7160 0.000760
7170 0.000761
7180 0.000762
7190 0.000763
7200 0.000764
7210 0.000765
7220 0.000766
7230 0.000767
7240 0.000768
7250 0.000769
7260 0.000770
7270 0.000771
7280 0.000772
7290 0.000773
7300 0.000774
7310 0.000776
7320 0.000777
7330 0.000778
7340 0.000779
7350 0.000780
7360 0.000781
7370 0.000782
7380 0.000783
7390 0.000784
7400 0.000786
7410 0.000787
7420 0.000788
7430 0.000789
7440 0.000790
7450 0.000791
7460 0.000792
7470 0.000793
7480 0.000794
7490 0.000795
7500 0.000796
7510 0.000797
7520 0.000798
7530 0.000799
7540 0.000800
7550 0.000801
7560 0.000803
7570 0.000804
7580 0.000805
7590 0.000806
7600 0.000807
7610 0.000808
7620 0.000809
7630 0.000810
7640 0.000811
7650 0.000812
7660 0.000814
7670 0.000815
7680 0.000816
7690 0.000817
7700 0.000818
7710 0.000819
7720 0.000820
7730 0.000821
7740 0.000822
7750 0.000823
7760 0.000824
7770 0.000826
7780 0.000832
7790 0.000833
7800 0.000834
7810 0.000835
7820 0.000836
7830 0.000837
7840 0.000838
7850 0.000839
7860 0.000840
7870 0.000841
7880 0.000842
7890 0.000844
7900 0.000845
7910 0.000846
7920 0.000847
7930 0.000848
7940 0.000849
7950 0.000850
7960 0.000851
7970 0.000852
7980 0.000853
7990 0.000854
8000 0.000856
8010 0.000857
8020 0.000858
8030 0.000859
8040 0.000860
8050 0.000861
8060 0.000862
8070 0.000863
8080 0.000864
8090 0.000866
8100 0.000867
8110 0.000868
8120 0.000869
8130 0.000870
8140 0.000872
8150 0.000873
8160 0.000874
8170 0.000875
8180 0.000876
8190 0.000878
8200 0.000879
8210 0.000880
8220 0.000881
8230 0.000882
8240 0.000884
8250 0.000885
8260 0.000886
8270 0.000887
8280 0.000888
8290 0.000889
8300 0.000891
8310 0.000892
8320 0.000893
8330 0.000894
8340 0.000895
8350 0.000896
8360 0.000898
8370 0.000899
8380 0.000900
8390 0.000901
8400 0.000902
8410 0.000903
8420 0.000905
8430 0.000906
8440 0.000907
8450 0.000908
8460 0.000909
8470 0.000910
8480 0.000912
8490 0.000913
8500 0.000915
8510 0.000916
8520 0.000917
8530 0.000918
8540 0.000920
8550 0.000921
8560 0.000922
8570 0.000923
8580 0.000924
8590 0.000926
8600 0.000927
8610 0.000928
8620 0.000929
8630 0.000930
8640 0.000932
8650 0.000933
8660 0.000934
8670 0.000935
8680 0.000936
8690 0.000937
8700 0.000939
8710 0.000940
8720 0.000941
8730 0.000942
8740 0.000943
8750 0.000945
8760 0.000946
8770 0.000947
8780 0.000948
8790 0.000944
8800 0.000945
8810 0.000946
8820 0.000947
8830 0.000948
8840 0.000950
8850 0.000951
8860 0.000952
8870 0.000953
8880 0.000954
8890 0.000956
8900 0.000957
8910 0.000958
8920 0.000959
8930 0.000960
8940 0.000961
8950 0.000962
8960 0.000963
8970 0.000964
8980 0.000966
8990 0.000967
9000 0.000968
9010 0.000969
9020 0.000970
9030 0.000971
9040 0.000972
9050 0.000973
9060 0.000975
9070 0.000976
9080 0.000977
9090 0.000978
9100 0.000979
9110 0.000980
9120 0.000981
9130 0.000982
9140 0.000983
9150 0.000984
9160 0.000986
9170 0.000987
9180 0.000988
9190 0.000989
9200 0.000990
9210 0.000991
9220 0.000992
9230 0.000993
9240 0.000994
9250 0.000995
9260 0.000996
9270 0.000997
9280 0.000999
9290 0.001000
9300 0.001001
9310 0.001002
9320 0.001003
9330 0.001004
9340 0.001005
9350 0.001006
9360 0.001007
9370 0.001008
9380 0.001009
9390 0.001010
9400 0.001012
9410 0.001013
9420 0.001014
9430 0.001015
9440 0.001016
9450 0.001017
9460 0.001018
9470 0.001019
9480 0.001020
9490 0.001021
9500 0.001022
9510 0.001023
9520 0.001023
9530 0.001024
9540 0.001024
9550 0.001025
9560 0.001025
9570 0.001026
9580 0.001027
9590 0.001027
9600 0.001028
9610 0.001028
9620 0.001029
9630 0.001029
9640 0.001030
9650 0.001030
9660 0.001031
9670 0.001031
9680 0.001032
9690 0.001032
9700 0.001033
9710 0.001034
9720 0.001034
9730 0.001035
9740 0.001035
9750 0.001036
9760 0.001036
9770 0.001037
9780 0.001037
9790 0.001038
9800 0.001039
9810 0.001039
9820 0.001040
9830 0.001040
9840 0.001041
9850 0.001041
9860 0.001042
9870 0.001042
9880 0.001043
9890 0.001044
9900 0.001044
9910 0.001045
9920 0.001045
9930 0.001046
9940 0.001046
9950 0.001047
9960 0.001048
9970 0.001048
9980 0.001049
9990 0.001049
10000 0.001050
